0.969185 -127.993 63.9982 0.0612658 0.00371112 0.666666 4095.77
0.977785 -127.996 63.999 0.0334538 0.00204442 0.666666 4095.87
0.986385 -127.99 63.9974 0.0985572 0.00607596 0.666665 4095.67
0.994985 -127.997 63.9992 0.0258484 0.00160742 0.666666 4095.9
1.00359 -127.997 63.9992 0.0269982 0.00239079 0.666666 4095.9
1.01219 -127.995 63.9988 0.0374585 0.00236968 0.666666 4095.85
1.02079 -127.989 63.9972 0.0858679 0.00547829 0.666665 4095.65
1.02939 -127.989 63.9972 0.0859574 0.00620969 0.666665 4095.65
1.03799 -127.994 63.9986 0.041552 0.00269565 0.666666 4095.82
1.04659 -127.99 63.9976 0.070031 0.00458084 0.666665 4095.7
1.05519 -127.986 63.9964 0.103279 0.00681116 0.666664 4095.55
1.06379 -127.983 63.9956 0.127 0.00975821 0.666663 4095.45
1.07239 -127.988 63.997 0.0944826 0.00633261 0.666665 4095.62
1.08099 -127.985 63.996 0.11346 0.00960605 0.666663 4095.5
1.08959 -127.975 63.9932 0.221838 0.0205158 0.66666 4095.15
1.09819 -127.98 63.995 0.142951 0.00981164 0.666663 4095.37
1.10679 -127.976 63.9938 0.174554 0.0133373 0.666662 4095.22
1.11539 -127.969 63.9918 0.21528 0.0175121 0.666661 4094.97
1.12399 -127.97 63.9922 0.233587 0.0188073 0.66666 4095.02
1.13259 -127.964 63.991 0.234756 0.017234 0.666661 4094.87
1.14119 -127.953 63.9872 0.366867 0.0370108 0.666654 4094.4
1.14979 -127.952 63.9872 0.338317 0.0290804 0.666656 4094.4
1.15839 -127.953 63.9878 0.315512 0.0257696 0.666657 4094.47
1.16699 -127.938 63.9838 0.399019 0.0343942 0.666654 4093.97
1.17559 -127.944 63.9856 0.385542 0.0304467 0.666656 4094.19
1.18419 -127.927 63.981 0.511947 0.0432694 0.666651 4093.62
1.19279 -127.922 63.9798 0.502915 0.0415766 0.666651 4093.46
1.20139 -127.939 63.9838 0.408677 0.0374048 0.666653 4093.97
1.20999 -127.916 63.9778 0.525258 0.050833 0.666648 4093.22
1.21859 -127.902 63.9738 0.679885 0.0634453 0.666643 4092.72
1.22719 -127.887 63.971 0.685257 0.0570077 0.666645 4092.36
1.23579 -127.896 63.9722 0.677006 0.0663765 0.666642 4092.52
1.24439 -127.896 63.9732 0.592307 0.0514967 0.666647 4092.63
1.25299 -127.858 63.9626 0.921695 0.0860355 0.666633 4091.32
1.26159 -127.823 63.9526 1.11834 0.113312 0.666623 4090.08
1.27019 -127.83 63.9548 1.02347 0.101054 0.666627 4090.34
1.27879 -127.774 63.9392 1.47368 0.153508 0.666607 4088.42
1.28739 -127.814 63.948 1.1598 0.157603 0.666608 4089.55
1.29599 -127.778 63.9408 1.40054 0.144828 0.66661 4088.61
1.30459 -127.792 63.944 1.30764 0.135571 0.666613 4089.01
1.31319 -127.723 63.9256 1.61162 0.167581 0.666599 4086.7
1.32179 -127.754 63.9342 1.42503 0.145917 0.666607 4087.77
1.33039 -127.667 63.9124 1.87739 0.186657 0.66659 4085.04
1.33899 -127.671 63.912 1.87982 0.194966 0.666586 4085
1.34759 -127.631 63.9024 2.08723 0.210802 0.666579 4083.8
1.35619 -127.656 63.9084 1.94447 0.205584 0.666581 4084.56
1.36479 -127.551 63.8782 2.68016 0.305956 0.666541 4080.84
1.37339 -127.568 63.8824 2.34305 0.271279 0.666553 4081.33
1.38199 -127.514 63.8686 2.64445 0.303284 0.666539 4079.62
1.39059 -127.507 63.8672 2.71245 0.302005 0.666538 4079.44
1.39919 -127.446 63.85 3.03247 0.36071 0.666515 4077.33
1.40779 -127.363 63.8258 3.54459 0.421978 0.666486 4074.33
1.41639 -127.329 63.8164 3.51381 0.421842 0.666484 4073.13
1.42499 -127.292 63.807 3.70759 0.44404 0.666474 4071.97
1.43359 -127.264 63.7968 3.99234 0.500221 0.66645 4070.75
1.44219 -127.25 63.7936 4.06852 0.537378 0.666437 4070.4
1.45079 -127.11 63.758 4.71414 0.573921 0.666414 4065.92
1.45939 -127.083 63.7472 4.88659 0.633206 0.666389 4064.63
1.46799 -126.988 63.721 5.25214 0.686219 0.666365 4061.37
1.47659 -126.917 63.7014 5.54214 0.721149 0.666345 4058.93
1.48519 -126.858 63.685 5.89686 0.767295 0.666322 4056.92
1.49379 -126.781 63.6622 5.93205 0.782904 0.66631 4054.05
1.50239 -126.731 63.6466 6.40226 0.891055 0.666266 4052.23
1.51099 -126.636 63.6214 6.7961 0.942075 0.666242 4049.11
1.51959 -126.457 63.5698 7.68242 1.10933 0.666171 4042.81
1.52819 -126.547 63.5952 6.98628 0.982169 0.666214 4045.85
1.53679 -126.376 63.5486 7.89628 1.12536 0.66615 4040.15
1.54539 -126.24 63.5042 8.42663 1.2446 0.66609 4034.71
1.55399 -126.156 63.4784 9.1849 1.36471 0.666033 4031.63
1.56259 -126.028 63.4414 9.6167 1.44246 0.665992 4027.07
1.57119 -125.908 63.407 9.66541 1.45059 0.665977 4022.73
1.57979 -125.808 63.3788 10.0889 1.52154 0.665938 4019.28
1.58839 -125.792 63.3758 10.2653 1.56056 0.665919 4018.97
1.59699 -125.526 63.2884 11.6246 1.91262 0.665765 4008.48
1.60559 -125.56 63.308 11.0547 1.74014 0.665833 4010.7
1.61419 -125.248 63.2152 12.5074 2.01668 0.665692 3999.42
1.62279 -125.137 63.1736 13.1347 2.21118 0.665598 3994.49
1.63139 -125.031 63.1372 13.3207 2.38888 0.665531 3990.2
1.63999 -124.844 63.0984 13.7667 2.24826 0.665557 3985.1
1.64859 -124.864 63.0806 14.2436 2.56359 0.665415 3983.39
1.65719 -124.619 63.0202 14.647 2.64955 0.665384 3975.94
1.66579 -124.348 62.919 16.038 3.06296 0.665163 3963.9
1.67439 -124.202 62.8966 16.2419 2.94156 0.66521 3960.91
1.68299 -124.191 62.8846 16.4315 2.99532 0.66516 3959.51
1.69159 -123.78 62.7738 17.3845 3.09487 0.665076 3945.79
1.70019 -123.56 62.6876 18.541 3.60573 0.664855 3935.87
1.70879 -123.454 62.6646 18.6049 3.48991 0.664869 3932.82
1.71739 -123.32 62.6164 19.1602 3.78998 0.66475 3927.32
1.72599 -123.029 62.5266 20.1419 3.94806 0.664618 3916.39
1.73459 -122.771 62.4498 20.6545 4.01599 0.664545 3906.94
1.74319 -122.65 62.4044 21.4174 4.57396 0.66436 3902.28
1.75179 -122.512 62.3694 21.5042 4.31009 0.664384 3897.49
1.76039 -122.37 62.3106 21.8037 4.65394 0.664243 3890.8
1.76899 -121.819 62.1284 24.0491 5.47948 0.663864 3869.63
1.77759 -121.709 62.0924 23.7985 5.32557 0.663846 3864.93
1.78619 -121.606 62.0508 24.4855 5.72069 0.663682 3860.52
1.79479 -121.248 61.9296 25.5097 6.17603 0.663458 3846.36
1.80339 -120.99 61.8352 26.3346 6.41152 0.663255 3835.15
1.81199 -120.579 61.694 27.6911 7.10335 0.662941 3819.02
1.82059 -120.375 61.6404 27.902 7.19213 0.66291 3812.63
1.82919 -120.063 61.5372 27.4759 7.34984 0.66282 3800.27
1.83779 -120.046 61.5176 28.8438 7.80858 0.662579 3798.77
1.84639 -119.683 61.436 29.0576 7.37631 0.662645 3788
1.85499 -119.393 61.3 29.2409 8.17969 0.662301 3772.86
1.86359 -118.954 61.113 31.6417 9.65667 0.661652 3752.79
1.87219 -118.552 61.0172 32.1651 9.1092 0.66169 3740.15
1.88079 -118.296 60.896 32.7147 10.4176 0.661287 3727.92
1.88939 -117.989 60.772 34.165 11.2303 0.660859 3714.45
1.89799 -117.292 60.4984 36.4379 12.5803 0.660192 3683.93
1.90659 -117.316 60.5696 34.8956 11.2278 0.660675 3690.08
1.91519 -116.985 60.4152 36.3356 12.4297 0.660068 3673.8
1.92379 -116.64 60.2756 37.2393 13.3491 0.659698 3658.83
1.93239 -116.657 60.3102 36.4897 12.6754 0.659876 3661.81
1.94099 -115.798 59.9268 39.8615 15.7286 0.658587 3621.75
1.94959 -115.493 59.8536 39.1468 15.0535 0.658698 3611.8
1.95819 -115.212 59.7576 39.6646 14.6358 0.658547 3599.63
1.96679 -114.965 59.6346 40.7394 15.52 0.658018 3586.81
1.97539 -114.598 59.487 40.5103 16.3778 0.657748 3571.06
1.98399 -114.312 59.398 41.1691 16.609 0.657561 3561.07
1.99259 -113.746 59.1568 43.1207 17.6752 0.656735 3534.75
2.00119 -113.288 58.9648 43.728 19.2616 0.656116 3515.39
2.00979 -113.173 58.9378 42.6689 18.8084 0.656236 3511.47
2.01839 -112.54 58.6488 45.9578 21.5784 0.655072 3483.24
2.02699 -112.414 58.5738 45.522 21.3665 0.654903 3474.2
2.03559 -111.85 58.3956 45.8456 21.8561 0.654609 3454.54
2.04419 -111.035 57.9824 48.617 24.8892 0.65291 3412.84
2.05279 -110.803 57.845 48.9725 26.0199 0.652277 3399.46
2.06139 -110.626 57.797 48.3239 25.9243 0.652278 3393.93
2.06999 -110.155 57.6322 48.8924 26.7397 0.65189 3376.82
2.07859 -109.664 57.3778 50.744 28.6555 0.650759 3351.77
2.08719 -109.011 57.0498 51.6943 30.0649 0.649589 3317.43
2.09579 -108.983 57.0476 51.2319 29.5008 0.649529 3316.26
2.10439 -108.198 56.7256 52.5229 30.5415 0.648682 3282.06
2.11299 -107.86 56.4766 53.8093 34.4811 0.647087 3262.46
2.12159 -107.78 56.4708 53.5364 33.5888 0.647302 3260.21
2.13019 -107.138 56.204 52.3897 33.7206 0.646933 3230.72
2.13879 -106.215 55.7182 57.1105 38.8726 0.644182 3187.66
2.14739 -106.182 55.6134 57.3626 40.588 0.643221 3180.01
2.15599 -105.574 55.483 56.4754 38.2182 0.643665 3160.76
2.16459 -105.213 55.309 57.5582 39.3807 0.642855 3144.33
2.17319 -104.74 55.0574 57.9121 41.0829 0.641716 3120.6
2.18179 -103.84 54.5794 58.4209 43.939 0.639986 3074.78
2.19039 -103.509 54.3932 59.4851 45.5868 0.63881 3058.47
2.19899 -102.84 54.1906 59.6428 43.9003 0.638776 3033.16
2.20759 -102.508 53.8646 60.5341 49.2953 0.636425 3010.22
2.21619 -102.054 53.5854 62.0295 50.9667 0.634808 2984.35
2.22479 -101.699 53.4538 62.8249 51.6187 0.634165 2972.15
2.23339 -100.844 53.0482 61.3277 52.1566 0.633064 2930.6
2.24199 -100.568 52.9316 61.8432 52.1438 0.632423 2918.66
2.25059 -100.343 52.726 62.7397 54.5423 0.630917 2902.78
2.25919 -99.2832 52.1608 64.5073 57.6203 0.62826 2850.92
2.26779 -98.948 52.032 64.0293 57.5313 0.627665 2837.8
2.27639 -98.1912 51.5868 65.2103 60.8563 0.625196 2799.73
2.28499 -97.6544 51.3156 64.6322 60.8902 0.624386 2772.42
2.29359 -97.3508 51.0238 66.2414 65.0274 0.621921 2752.57
2.30219 -97.0388 50.91 65.1164 63.1914 0.621949 2737.31
2.31079 -96.2216 50.5256 66.1161 65.444 0.619884 2704.06
2.31939 -95.6964 50.2316 66.7135 66.8863 0.618017 2678.35
2.32799 -95.3096 50.0234 65.6466 66.0574 0.617272 2656.12
2.33659 -94.8016 49.5998 65.3549 70.0548 0.614735 2623.83
2.34519 -93.8048 49.039 65.8439 73.3926 0.611229 2576.94
2.35379 -93.9464 49.1358 65.6964 72.5439 0.612083 2585.08
2.36239 -93.1632 48.568 66.9988 76.5077 0.608019 2539.59
2.37099 -92.3964 48.2016 67.4746 77.472 0.605878 2507.08
2.37959 -91.856 48.0428 67.041 76.0249 0.605733 2489.02
2.38819 -91.4368 47.7542 67.0748 77.0784 0.603681 2464.54
2.39679 -91.1568 47.587 65.6211 76.7436 0.603263 2448.46
2.40539 -90.2456 47.0542 66.6976 79.2044 0.599434 2404.61
2.41399 -89.7512 46.6452 66.5025 81.4032 0.596844 2372.28
2.42259 -89.1116 46.2984 67.2458 83.4136 0.594323 2345.62
2.43119 -89.2096 46.2884 66.1615 83.2197 0.593934 2344.94
2.43979 -88.2936 45.6844 66.8175 85.329 0.589356 2295.25
2.44839 -87.6288 45.261 65.5615 86.8016 0.586757 2261.08
2.45699 -86.9508 44.901 66.0874 87.2568 0.584751 2230.49
2.46559 -86.5688 44.7184 65.3121 86.1585 0.583628 2212.17
2.47419 -86.306 44.4256 64.9952 88.4417 0.580959 2192.46
2.48279 -85.3332 43.9732 65.6651 88.5999 0.577976 2153.62
2.49139 -84.9208 43.739 65.3951 90.2712 0.57598 2138
2.49999 -84.4904 43.46 65.0375 89.7943 0.574122 2113.26
2.50859 -84.3292 43.3584 63.2645 88.8218 0.574486 2102.77
2.51719 -83.3304 42.7022 63.0922 91.3157 0.569324 2053.34
2.52579 -82.9488 42.4812 62.5904 91.48 0.567667 2035.71
2.53439 -82.2112 41.8376 63.0524 93.9965 0.561083 1988.61
2.54299 -82.4972 42.1196 60.9381 91.5642 0.565343 2006.91
2.55159 -81.1928 41.2724 61.6706 93.6253 0.557191 1942.3
2.56019 -81.0324 41.0746 61.1813 94.4913 0.555233 1929.04
2.56879 -80.7036 40.9762 61.3971 93.56 0.554518 1919.38
2.57739 -79.9124 40.4602 60.7984 96.35 0.550073 1885.36
2.58599 -79.5652 40.2248 60.5432 95.942 0.548562 1866.14
2.59459 -78.9532 39.8306 57.8654 94.7523 0.546354 1832.32
2.60319 -78.3008 39.4132 61.0351 97.1301 0.539612 1806.25
2.61179 -78.1564 39.3778 57.9691 95.0466 0.54248 1798.85
2.62039 -77.4016 38.9062 57.8636 94.935 0.537233 1762.46
2.62899 -77.3264 38.8232 59.0497 95.7659 0.536138 1759.01
2.63759 -76.404 38.1408 57.3123 97.0337 0.529421 1710.66
2.64619 -76.4192 38.0876 56.3994 96.6909 0.529557 1706.53
2.65479 -75.5344 37.5412 56.0523 97.5994 0.523563 1668.45
2.66339 -75.4088 37.7046 56.2794 94.8761 0.526393 1674.33
2.67199 -74.538 37.0246 55.3977 97.8563 0.518737 1632.29
2.68059 -74.3788 36.9336 55.0551 95.6718 0.518299 1620.55
2.68919 -73.9596 36.4796 54.3957 97.2299 0.512919 1592.23
2.69779 -73.558 36.2694 53.8777 96.2756 0.510864 1575.2
2.70639 -72.8964 35.8758 52.7422 95.9193 0.508374 1546.67
2.71499 -72.1712 35.52 52.3867 93.8029 0.505163 1516.34
2.72359 -72.1808 35.475 50.9175 93.1399 0.506123 1512.15
2.73219 -71.6936 34.9774 51.4003 95.5761 0.496727 1484.55
2.74079 -71.0168 34.7442 50.257 93.7612 0.496062 1464.14
2.74939 -70.5704 34.3798 50.3662 93.9454 0.491548 1440.26
2.75799 -70.4856 34.2536 49.6075 94.787 0.489673 1434.73
2.76659 -70.1292 34.0302 49.4402 93.8281 0.486051 1417.64
2.77519 -69.3224 33.6326 49.1691 92.3538 0.483425 1387.45
2.78379 -69.0508 33.3712 47.4956 92.0429 0.480671 1369.86
2.79239 -68.736 33.1108 48.4566 93.5841 0.476323 1357.65
2.80099 -68.1096 32.7298 47.0372 90.1899 0.472757 1323.86
2.80959 -67.8504 32.5042 45.7361 90.6559 0.471254 1311.23
2.81819 -67.7432 32.3504 46.0088 90.7065 0.467062 1302.18
2.82679 -67.1044 31.8528 45.3209 91.8176 0.460368 1274.15
2.83539 -66.9828 32.0728 45.6922 89.062 0.463832 1281.19
2.84399 -66.9172 31.8706 45.0752 90.2738 0.461126 1272.47
2.85259 -66.2584 31.4772 43.4066 88.3233 0.457171 1242.76
2.86119 -65.9656 31.2802 43.7498 90.4285 0.453654 1237.18
2.86979 -65.7484 30.9778 43.6118 89.5934 0.448321 1216.74
2.87839 -65.0712 30.4768 42.6344 89.0927 0.440562 1185.28
2.88699 -64.6804 30.3878 42.1125 87.1266 0.441177 1174.95
2.89559 -64.5568 30.3932 41.606 86.2084 0.44323 1173.37
2.90419 -64.2088 30.1966 42.2945 86.5995 0.438621 1163.34
2.91279 -63.3436 29.3822 40.6279 86.0412 0.425556 1113.93
2.92139 -63.47 29.6366 41.0231 86.3142 0.428606 1130.49
2.92999 -62.7772 29.0412 39.0119 83.7208 0.422239 1088.69
2.93859 -62.2884 28.7084 40.0248 84.3872 0.414996 1072.15
2.94719 -62.4792 28.7766 39.4269 84.3554 0.415362 1076.7
2.95579 -62.0156 28.5216 37.7868 81.9938 0.416549 1055.84
2.96439 -61.7056 28.2722 38.1855 82.4122 0.408607 1043.62
2.97299 -61.4 28.155 38.4379 82.5157 0.405514 1038.02
2.98159 -60.7764 27.812 37.2546 79.5812 0.403257 1010.79
2.99019 -60.364 27.53 36.0537 80.4228 0.398675 998.38
2.99879 -60.2228 27.2862 36.516 79.7789 0.39302 983.776
3.00739 -59.928 27.1042 35.6824 79.3243 0.391538 973.196
3.01599 -59.8964 27.0828 35.198 79.3817 0.391649 972.892
3.02459 -59.1924 26.5498 34.8503 77.5656 0.381436 939.496
3.03319 -58.996 26.5506 33.7258 76.2136 0.387329 936.104
3.04179 -58.7048 26.1804 33.7024 76.3489 0.373766 917.65
3.05039 -58.2884 26.0878 33.2578 76.4213 0.374341 913.688
3.05899 -58.0724 26.0176 32.7983 73.7203 0.377204 902.425
3.06759 -57.812 25.9018 32.6713 74.3956 0.372522 899.118
3.07619 -57.196 25.3872 32.7091 73.7614 0.359001 871.414
3.08479 -57.5892 25.6794 32.5929 74.5255 0.363945 889.327
3.09339 -57.2384 25.207 32.9422 75.2686 0.350271 868.228
3.10199 -57.0272 25.5018 31.3343 71.6393 0.370463 872.566
3.11059 -56.3552 24.9272 30.8266 70.5082 0.358945 840.687
3.11919 -56.2504 24.8292 30.3612 69.8002 0.355503 834.209
3.12779 -56.0916 24.7016 30.7824 71.0068 0.347667 832.263
3.13639 -55.9132 24.4068 30.1197 69.1852 0.341992 812.683
3.14499 -55.8376 24.3188 29.8665 70.0149 0.338142 811.6
3.15359 -55.022 23.9916 29.4985 68.0031 0.33791 790.05
3.16219 -54.762 23.8698 28.4569 67.4787 0.334282 783.148
3.17079 -54.6116 23.8836 28.5909 65.9779 0.340914 779.628
3.17939 -54.4136 23.636 27.8228 64.7293 0.336684 764.46
3.18799 -54.1136 23.3752 27.4016 65.4819 0.329399 755.155
3.19659 -54.1376 23.6034 27.9666 65.7792 0.333816 767.389
3.20519 -53.518 23.1562 27.1094 63.8444 0.323059 740.843
3.21379 -53.124 22.821 26.2243 62.7469 0.31869 722.453
3.22239 -53.2784 22.9804 27.0956 64.1526 0.314145 734.823
3.23099 -52.936 22.734 27.4028 63.7013 0.30409 722.653
3.23959 -52.8924 22.8146 26.338 61.7691 0.316526 720.612
3.24819 -52.3408 22.3012 26.2297 62.0646 0.295518 698.941
3.25679 -52.4784 22.3684 26.0683 61.9397 0.303551 702.07
3.26539 -51.9024 22.196 24.6682 59.0115 0.311187 685.358
3.27399 -51.7856 22.0524 24.5524 58.9231 0.306559 679.222
3.28259 -51.6672 21.9342 24.2177 58.2453 0.302075 672.304
3.29119 -51.378 21.753 24.6946 58.422 0.294355 665.471
3.29979 -51.0516 21.6066 24.313 58.1805 0.292472 658.828
3.30839 -50.6836 21.1442 23.718 57.4006 0.274942 636.98
3.31699 -50.8124 21.4614 22.9913 56.552 0.297264 648.174
3.32559 -50.4696 21.1236 23.173 56.0748 0.281608 632.688
3.33419 -50.6784 21.378 23.5602 55.9682 0.289818 643.627
3.34279 -50.2448 21.0712 22.4286 54.7394 0.286497 626.978
3.35139 -49.8252 20.5436 21.906 53.5078 0.271921 601.365
3.35999 -49.4484 20.6646 22.4511 53.4396 0.275107 606.582
3.36859 -49.6376 20.6678 22.8572 53.7522 0.269836 608.227
3.37719 -49.0816 20.552 22.4574 53.2022 0.267573 602.058
3.38579 -49.0536 20.351 21.5995 52.5778 0.26546 592.18
3.39439 -48.922 20.04 21.7231 52.7433 0.246733 580.633
3.40299 -49.0152 20.198 21.3018 52.3183 0.25743 585.998
3.41159 -48.6124 20.008 20.7927 50.4633 0.258719 572.48
3.42019 -48.412 19.995 21.6634 51.3098 0.250151 575.289
3.42879 -48.224 19.7054 20.7618 50.4972 0.248296 561.447
3.43739 -47.808 19.3772 20.1449 49.5307 0.242198 545.732
3.44599 -47.9252 19.719 20.6939 49.7065 0.245965 560.127
3.45459 -47.6068 19.4626 19.6489 48.2423 0.24781 545.45
3.46319 -47.4436 19.3632 19.903 48.2469 0.240626 542.022
3.47179 -47.0868 19.2964 19.6968 47.7816 0.241172 538.238
3.48039 -47.1572 19.2728 19.5675 47.2072 0.240134 535.74
3.48899 -46.82 19.1842 19.2756 45.9885 0.247283 528.487
3.49759 -46.56 18.8802 19.7013 46.5652 0.225193 519.328
3.50619 -46.3316 18.8204 18.71 45.3942 0.238791 513.368
3.51479 -46.244 18.7292 18.9485 45.9798 0.220974 512.392
3.52339 -46.2072 18.9132 18.4396 45.7455 0.236907 518.888
3.53199 -45.9052 18.6292 18.286 44.2068 0.2321 503.185
3.54059 -45.9936 18.515 18.394 44.4202 0.219709 500.079
3.54919 -45.5568 18.3936 18.2144 43.503 0.221 492.725
3.55779 -45.2724 18.3366 18.1204 43.8933 0.215489 492.394
3.56639 -45.0552 18.201 17.8312 43.0713 0.212797 484.885
3.57499 -45.2848 18.1278 17.8121 42.9686 0.211605 482.229
3.58359 -44.876 17.9798 17.8187 42.1413 0.21149 474.29
3.59219 -44.6876 17.8216 17.0058 41.042 0.207061 465.04
3.60079 -44.4804 17.9294 16.8735 41.2851 0.211658 470.122
3.60939 -44.5492 17.7676 16.952 41.2031 0.202583 464.406
3.61799 -44.2352 17.8498 16.9849 40.8009 0.21485 466.232
3.62659 -44.09 17.6532 16.9208 40.0559 0.205788 456.902
3.63519 -44.1116 17.5722 16.6421 39.2703 0.210276 451.537
3.64379 -43.798 17.5308 16.1774 38.9862 0.21422 449.386
3.65239 -43.57 17.4322 16.5052 39.693 0.197733 448.856
3.66099 -43.622 17.5006 15.9574 39.3974 0.198465 450.504
3.66959 -43.2652 17.2168 16.3414 38.9658 0.18352 439.406
3.67819 -43.202 17.1588 15.8466 37.9049 0.197039 433.846
3.68679 -43.5272 17.2926 15.8583 38.8529 0.195552 442.276
3.69539 -43.1272 17.1074 15.9671 38.6507 0.18007 435.492
3.70399 -42.7564 17.048 15.3982 36.7946 0.203033 426.921
3.71259 -42.74 16.7532 15.2103 36.2165 0.185304 415.126
3.72119 -42.5812 16.8376 14.9569 36.6741 0.185123 419.976
3.72979 -42.4776 16.8608 14.7938 36.33 0.195618 419.79
3.73839 -42.1228 16.5008 15.1871 35.901 0.170014 406.488
3.74699 -42.1108 16.7664 15.124 36.1075 0.176319 416.406
3.75559 -41.6372 16.3644 14.8431 34.4377 0.175889 397.127
3.76419 -42.106 16.567 14.9257 35.4758 0.17585 408.003
3.77279 -41.6524 16.5348 14.6742 35.1323 0.182643 405.946
3.78139 -41.6108 16.3974 14.7922 34.4904 0.17615 399.296
3.78999 -41.4656 16.4646 14.4249 34.9449 0.183038 403.524
3.79859 -41.2524 16.2902 14.468 34.2459 0.172978 395.456
3.80719 -41.0144 16.1212 14.0888 33.5029 0.173397 387.445
3.81579 -41.0512 16.0634 14.2118 33.2856 0.170745 385.044
3.82439 -40.9364 16.1024 13.9709 32.9699 0.173419 385.377
3.83299 -40.5264 15.8354 13.5047 31.9545 0.173996 373.241
3.84159 -40.4484 15.7948 13.5126 32.0689 0.167077 372.671
3.85019 -40.6268 15.8202 14.0315 32.9017 0.145227 376.956
3.85879 -40.3412 15.7556 13.538 32.3721 0.157231 373.156
3.86739 -40.3652 15.8286 13.4815 32.1581 0.162387 374.912
3.87599 -40.3572 15.7082 13.1682 31.8358 0.161886 370.143
3.88459 -40.0096 15.551 13.296 31.5622 0.145968 364.44
3.89319 -39.8376 15.4964 13.2514 31.1891 0.141354 361.563
3.90179 -40.0184 15.5546 12.8753 30.4612 0.163933 360.799
3.91039 -39.7372 15.6254 13.1525 30.5079 0.17375 363.451
3.91899 -39.7488 15.3248 13.1885 30.7253 0.140677 355.262
3.92759 -39.4688 15.2898 13.0556 30.4686 0.138651 353.446
3.93619 -38.88 15.1506 12.6769 29.487 0.142088 345.607
3.94479 -38.996 15.241 12.6574 29.4826 0.153104 348.591
3.95339 -39.048 15.1306 12.6257 29.4878 0.139264 345.512
3.96199 -38.9384 15.12 12.5909 29.6213 0.141338 345.974
3.97059 -38.7972 15.0294 11.9492 28.4051 0.158592 338.668
3.97919 -38.6708 15.0992 12.3002 29.4112 0.141234 345.018
3.98779 -38.732 15.08 12.0874 28.688 0.150579 341.808
3.99639 -38.5408 14.924 12.4588 28.8885 0.135529 338.175
4.00499 -38.4572 14.9344 11.8881 28.0737 0.155797 335.471
4.01359 -38.0956 14.7988 11.9896 27.751 0.134917 330.386
4.02219 -38.074 14.7082 11.8799 27.8003 0.131411 328.149
4.03079 -37.8748 14.6844 11.6697 27.0313 0.138584 324.589
4.03939 -38.266 14.8968 11.9709 28.1795 0.136335 335.742
4.04799 -37.786 14.6992 11.7101 27.0133 0.142074 325.416
4.05659 -37.8764 14.7086 11.4465 27.2696 0.137792 326.964
4.06519 -37.5744 14.4404 11.2719 26.6073 0.11937 316.689
4.07379 -37.7824 14.603 11.4366 26.3784 0.145051 320.708
4.08239 -37.29 14.4568 11.5235 26.4802 0.129344 317.102
4.09099 -37.278 14.3104 11.1533 26.1532 0.126587 311.78
4.09959 -37.352 14.477 11.1243 25.6307 0.137838 314.659
4.10819 -37.0872 14.2324 11.2376 25.6963 0.12197 308.126
4.11679 -36.9576 14.2396 11.1845 25.8771 0.118643 309.297
4.12539 -36.9048 14.1976 10.6537 25.491 0.122292 306.732
4.13399 -36.7232 14.2836 10.7355 25.2025 0.133512 308.208
4.14259 -36.7136 14.1846 10.7742 24.9363 0.129876 304.504
4.15119 -36.4796 13.9326 10.869 24.7755 0.109058 296.965
4.15979 -36.2512 14.096 10.4847 24.3271 0.13351 299.893
4.16839 -36.4072 14.0974 10.9107 24.6796 0.11037 301.611
4.17699 -36.528 14.1328 10.4914 24.1715 0.138425 300.7
4.18559 -36.3312 14.1444 10.6871 24.9322 0.128325 304.42
4.19419 -36.096 13.8124 10.3419 23.9293 0.105504 291.146
4.20279 -35.81 13.9716 10.4835 24.0642 0.113213 296.342
4.21139 -35.8016 13.7164 10.1814 23.4457 0.106512 286.878
4.21999 -35.616 13.9876 10.4437 23.7367 0.119336 295.822
4.22859 -35.7148 13.678 10.4186 23.3338 0.0978847 285.757
4.23719 -35.6996 13.6972 9.91959 22.8992 0.123028 284.642
4.24579 -35.3436 13.6638 10.359 23.2977 0.101968 285.616
4.25439 -35.3944 13.561 9.87704 22.4684 0.114668 279.49
4.26299 -35.4904 13.5686 9.925 22.6298 0.111846 280.577
4.27159 -35.324 13.5178 9.68732 22.2991 0.116348 277.984
4.28019 -35.1008 13.5646 9.90696 23.132 0.100045 283.008
4.28879 -35.1052 13.4906 9.88466 22.2299 0.102771 277.336
4.29739 -35.2096 13.6138 9.64301 22.2107 0.124679 280.784
4.30599 -34.714 13.2784 9.55222 21.9314 0.0982208 270.752
4.31459 -34.678 13.4124 9.61382 21.797 0.117772 273.938
4.32319 -34.6004 13.2664 9.38967 21.5266 0.100031 269.061
4.33179 -34.8032 13.4344 9.4406 21.436 0.1161 273.339
4.34039 -34.2912 13.3316 9.52198 21.5838 0.110359 271.414
4.34899 -34.4592 13.337 9.52405 21.8615 0.0942053 272.951
4.35759 -34.2452 13.2234 9.40933 20.785 0.110325 265.431
4.36619 -34.422 13.2228 9.11113 21.0351 0.110865 266.686
4.37479 -34.032 13.0578 9.03026 20.7926 0.104356 261.469
4.38339 -34.1176 13.2244 9.33061 21.1017 0.101838 267.382
4.39199 -33.8272 13.1192 9.15144 20.534 0.103391 262.298
4.40059 -34.0296 13.0078 8.93989 20.2118 0.102025 258.147
4.40919 -33.9452 13.0242 9.12946 20.7016 0.100272 260.907
4.41779 -34.0384 13.0704 9.00549 20.3635 0.108325 260.797
4.42639 -33.7564 12.9838 8.66967 20.2182 0.108195 258.072
4.43499 -33.3852 13.0808 9.10421 20.278 0.105229 261.04
4.44359 -33.478 12.922 8.7841 19.9047 0.108264 255.426
4.45219 -33.5384 13.0104 9.011 20.2947 0.0898308 259.626
4.46079 -33.4472 12.7986 8.77979 19.2359 0.10819 249.612
4.46939 -32.9836 12.9154 8.76392 19.9899 0.105195 256.15
4.47799 -33.0244 13.0222 8.6611 19.3591 0.13338 256.268
4.48659 -32.9432 12.7048 8.24694 18.9186 0.108525 246.292
4.49519 -33.0256 12.7488 8.52982 18.8929 0.102631 247.459
4.50379 -33.066 12.7746 8.3949 19.439 0.0867195 250.74
4.51239 -32.894 12.6118 8.39442 18.8717 0.100627 244.214
4.52099 -32.8924 12.7372 8.6155 19.4003 0.0809662 249.945
4.52959 -32.6308 12.6212 8.42771 19.0473 0.0851408 245.571
4.53819 -32.7212 12.582 8.42047 18.9063 0.0922243 244.107
4.54679 -32.4944 12.5068 8.43968 18.9174 0.0719069 242.434
4.55539 -32.274 12.6022 8.42733 18.7622 0.0847147 244.284
4.56399 -32.4656 12.6342 8.07287 18.7229 0.0832879 245.074
4.57259 -32.394 12.5502 8.24008 18.2407 0.10824 240.915
4.58119 -32.1628 12.3182 8.19899 18.069 0.0783949 234.516
4.58979 -32.0348 12.458 8.33552 18.5807 0.0496659 240.483
4.59839 -32.2512 12.5456 8.28276 18.5708 0.0860933 242.788
4.60699 -31.95 12.4502 7.96109 17.9408 0.0847516 237.66
4.61559 -32.0816 12.2906 8.00163 17.6104 0.0883188 232.341
4.62419 -32.0584 12.577 7.98537 18.1812 0.0887093 242.254
4.63279 -31.734 12.2916 7.72009 17.4965 0.082031 232.141
4.64139 -31.8836 12.323 7.97194 17.5699 0.0876439 233.405
4.64999 -31.6364 12.198 7.65728 17.1906 0.0716289 228.727
4.65859 -31.5328 12.3134 7.98713 17.7435 0.0729617 234.28
4.66719 -31.5076 12.278 7.75176 17.6655 0.0773955 233.198
4.67579 -31.5404 12.3518 7.95566 17.7979 0.0707988 235.786
4.68439 -31.3968 12.1742 7.84522 17.6347 0.057591 230.819
4.69299 -31.214 12.2784 7.61993 16.668 0.112133 228.982
4.70159 -31.178 12.161 7.59438 16.9342 0.0845947 227.508
4.71019 -30.9824 12.0092 7.40918 16.6268 0.0854165 222.536
4.71879 -30.83 11.9642 7.48931 16.591 0.0736439 221.432
4.72739 -31.058 12.0958 7.48821 16.5397 0.103371 224.498
4.73599 -30.7272 11.9684 7.33956 16.6078 0.0831745 221.897
4.74459 -31.1068 12.1836 7.59479 16.5996 0.0886562 227.198
4.75319 -30.812 12.018 7.2734 16.3521 0.0814735 222.157
4.76179 -30.8456 11.9534 7.19643 16.105 0.0973677 219.572
4.77039 -30.6156 12.001 7.13493 16.1172 0.0875902 220.909
4.77899 -30.634 11.972 7.34982 15.9142 0.0906625 219.382
4.78759 -30.408 11.9156 7.32464 16.2774 0.0727992 219.911
4.79619 -30.596 12.0814 7.34013 16.2328 0.0925186 223.816
4.80479 -30.4648 11.944 7.18074 16.089 0.0755699 219.963
4.81339 -30.526 11.8294 7.0634 15.9537 0.0707258 216.726
4.82199 -30.0584 11.77 7.07957 15.4953 0.0719359 213.251
4.83059 -30.2596 11.8642 7.04026 15.868 0.084256 217.411
4.83919 -30.106 11.8322 7.21826 15.4853 0.0731308 214.937
4.84779 -30.2244 12.0012 7.05702 16.2789 0.065874 222.946
4.85639 -29.9976 11.9248 6.84857 15.4712 0.104604 217.335
4.86499 -29.9668 11.8234 7.01064 15.5829 0.0863702 215.604
4.87359 -30.1412 11.887 6.89015 15.4222 0.0881741 216.462
4.88219 -29.9 11.6652 6.86363 15.4119 0.0691929 211.321
4.89079 -29.664 11.7032 6.58838 14.8967 0.093092 209.822
4.89939 -29.6892 11.7966 6.82258 15.0626 0.0982172 212.957
4.90799 -29.6396 11.6282 6.64507 15.0116 0.0631518 208.892
4.91659 -29.7296 11.7442 6.80264 15.0953 0.0884003 212.144
4.92519 -29.46 11.7066 6.73349 15.0862 0.0811589 211.347
4.93379 -29.452 11.654 6.80551 15.0773 0.0679191 210.204
4.94239 -29.5764 11.6648 6.66942 15.1076 0.0775782 210.735
4.95099 -29.2548 11.599 6.79203 14.9211 0.0633491 208.411
4.95959 -29.346 11.5294 6.67468 14.7923 0.0709536 206.291
4.96819 -29.238 11.4724 6.36043 14.5462 0.0696805 203.884
4.97679 -29.454 11.5788 6.68153 14.9814 0.0607391 208.628
4.98539 -28.8516 11.4364 6.42636 14.4855 0.0745518 203.007
4.99399 -28.9168 11.512 6.45024 14.5017 0.0647323 204.947
5.00259 -29.17 11.5724 6.4211 14.539 0.0762294 206.653
5.01119 -29.0044 11.496 6.40271 14.4747 0.0741085 204.694
5.01979 -28.8696 11.4972 6.44739 14.4943 0.0568237 204.944
5.02839 -28.6876 11.2766 6.43435 13.9983 0.058343 197.551
5.03699 -28.8504 11.4226 6.62067 14.4065 0.0659113 203.041
5.04559 -28.5524 11.4574 6.4571 14.2314 0.0743495 203.078
5.05419 -28.3888 11.288 6.14159 14.2297 0.0588757 199.338
5.06279 -28.7304 11.3766 6.30483 13.76 0.0768594 199.091
5.07139 -28.4544 11.3696 6.12659 13.7124 0.0886374 198.809
5.07999 -28.346 11.3222 6.14872 13.8398 0.076213 198.498
5.08859 -28.3832 11.2026 6.28788 13.5474 0.0589896 194.436
5.09719 -28.2524 11.2992 6.09307 13.5008 0.0812292 196.488
5.10579 -28.3284 11.2068 6.10413 13.574 0.0635048 194.898
5.11439 -28.2604 11.2744 6.16871 13.6385 0.0708867 196.865
5.12299 -28.0448 11.1364 6.06048 13.3247 0.0642296 192.282
5.13159 -28.3144 11.3184 6.04599 13.4311 0.0846661 197.029
5.14019 -28.104 11.3234 5.91623 13.4744 0.0932076 197.48
5.14879 -27.8372 11.144 6.10598 13.0592 0.0724956 191.428
5.15739 -27.852 11.0932 6.10897 13.2754 0.0652758 191.526
5.16599 -28.0172 11.1362 5.86841 13.2771 0.0618795 192.604
5.17459 -27.8992 11.1176 5.90693 12.9428 0.0841778 190.574
5.18319 -27.9268 11.16 5.87376 13.021 0.0760888 192.036
5.19179 -27.608 11.1182 5.87155 13.0698 0.0593531 191.47
5.20039 -27.9756 11.1856 5.88331 13.2512 0.0720312 194.029
5.20899 -27.8812 11.0294 5.79747 12.9553 0.0594075 189.132
5.21759 -27.6188 11.1232 5.95376 12.889 0.0715404 190.975
5.22619 -27.5188 10.963 5.6885 12.6528 0.0598986 186.313
5.23479 -27.4428 10.9952 5.85495 12.8318 0.052797 188.066
5.24339 -27.6564 11.0626 5.89735 12.8627 0.0631064 189.825
5.25199 -27.2116 10.9572 5.7301 12.9822 0.046359 188.242
5.26059 -27.3144 11.0436 5.6414 12.2681 0.0834786 186.498
