1.83585 -1061.93 547.938 278.136 77.5896 0.666049 300378
1.83872 -1060.42 547.409 277.524 79.5488 0.666031 299803
1.84159 -1059.92 547.126 288.965 83.966 0.665994 299501
1.84445 -1059.5 547.042 281.729 82.1555 0.666008 299407
1.84732 -1058.67 546.69 276.034 81.2173 0.666012 299020
1.85019 -1057.91 546.395 290.36 86.6866 0.66597 298707
1.85305 -1057.31 546.271 283.168 83.7637 0.665989 298567
1.85592 -1056.02 545.718 289.699 87.9751 0.665956 297971
1.85879 -1055.65 545.658 289.093 88.1033 0.665953 297907
1.86165 -1054.59 545.23 285.205 85.411 0.665969 297435
1.86452 -1053.69 544.916 290.326 90.329 0.665931 297102
1.86739 -1053.28 544.685 295.997 90.9535 0.665923 296851
1.87025 -1052.21 544.379 298.218 95.3551 0.665895 296527
1.87312 -1050.79 543.822 299.752 93.3639 0.665898 295917
1.87599 -1049.7 543.378 302.593 97.2038 0.665867 295442
1.87885 -1049.54 543.263 296.402 97.2906 0.665865 295318
1.88172 -1048.73 543.085 310.58 100.255 0.665841 295130
1.88459 -1047.2 542.34 311.266 107.693 0.665779 294335
1.88745 -1046.92 542.288 304.626 102.96 0.665814 294271
1.89032 -1045.81 541.872 315.268 105.415 0.66579 293825
1.89319 -1045.11 541.545 304.72 103.354 0.665804 293467
1.89605 -1044.23 541.413 311.48 103.194 0.665802 293323
1.89892 -1043.23 540.823 320.072 112.322 0.665726 292703
1.90179 -1042.87 540.859 321.891 107.591 0.665761 292733
1.90465 -1040.83 539.823 336.045 121.619 0.665644 291641
1.90752 -1040.53 539.895 313.424 110.851 0.665731 291698
1.91039 -1038.98 539.172 338.216 123.936 0.665621 290943
1.91325 -1038.55 539.082 325.014 120.773 0.665651 290840
1.91612 -1037.26 538.498 329.207 122.361 0.665627 290215
1.91899 -1036.62 538.231 338.606 126.299 0.66559 289935
1.92185 -1035.73 537.997 336.89 122.842 0.665616 289677
1.92472 -1034.72 537.516 343.382 129.161 0.665561 289172
1.92759 -1033.21 536.953 342.933 130.985 0.665542 288571
1.93045 -1032.97 536.862 344.418 129.083 0.665554 288470
1.93332 -1032.38 536.664 344.666 130.48 0.665539 288260
1.93619 -1030.74 535.862 364.414 141.132 0.665444 287421
1.93905 -1029.67 535.286 361.353 153.359 0.665355 286828
1.94192 -1028.66 535.204 354.819 141.577 0.665441 286718
1.94479 -1027.84 534.801 355.538 139.827 0.665449 286284
1.94765 -1026.59 534.229 360.99 149.255 0.665366 285691
1.95052 -1025.6 533.688 366.954 157.426 0.665296 285130
1.95339 -1024.53 533.341 365.479 154.657 0.665312 284755
1.95625 -1023.43 532.691 371.477 168.011 0.665212 284089
1.95912 -1022.85 532.693 365.056 159.861 0.665267 284075
1.96199 -1020.86 531.698 367.185 167.048 0.665196 283030
1.96485 -1020.74 531.805 369.775 161.854 0.665232 283134
1.96772 -1019.42 531.167 380.591 168.56 0.665166 282470
1.97059 -1018.43 530.663 382.16 171.202 0.665141 281941
1.97345 -1017.32 530.298 384.964 174.3 0.665115 281560
1.97632 -1015.66 529.605 403.128 186.887 0.665008 280851
1.97919 -1015.3 529.458 381.838 174.229 0.665104 280671
1.98205 -1013.5 528.716 393.372 179.873 0.665043 279898
1.98492 -1012.51 528.011 398.659 194.437 0.664919 279182
1.98779 -1011.7 527.712 395.58 198.648 0.664889 278875
1.99065 -1010.32 527.283 399.465 196.257 0.664891 278418
1.99352 -1009.52 526.741 409.61 204.627 0.664815 277864
1.99639 -1007.68 526.118 400.523 198.888 0.664863 277197
1.99925 -1006.39 525.622 408.121 207.11 0.664781 276693
2.00212 -1006.05 525.222 424.21 214.658 0.664708 276288
2.00499 -1004.29 524.492 413.727 217.79 0.664672 275528
2.00785 -1003.15 523.936 419.096 228.708 0.664585 274968
2.01072 -1002.42 523.564 425.447 234.211 0.664529 274590
2.01359 -1000.74 522.918 421.693 232.434 0.664534 273911
2.01645 -999.196 522.233 436.798 239.406 0.664457 273210
2.01932 -998.125 521.862 428.067 232.116 0.664501 272809
2.02219 -997.308 521.157 431.831 256.838 0.664313 272124
2.02505 -995.788 520.529 459.019 261.725 0.664223 271481
2.02792 -994.64 520.028 442.124 262.707 0.664224 270962
2.03079 -993.354 519.389 449.309 287.454 0.664099 270348
2.03365 -991.901 518.821 449.217 274.79 0.664107 269734
2.03652 -990.153 517.68 449.172 285.933 0.66398 268575
2.03939 -989.538 517.725 458.588 281.589 0.66402 268613
2.04225 -988.081 516.749 461.159 298.762 0.663861 267640
2.04512 -986.362 516.018 463.14 306.066 0.663778 266900
2.04799 -985.459 515.628 468.532 318.889 0.663691 266525
2.05085 -983.684 514.721 477.663 323.422 0.66364 265601
2.05372 -983.189 514.491 475.173 315.402 0.663666 265349
2.05659 -980.385 512.891 473.257 355.094 0.663396 263788
2.05945 -979.714 512.605 482.373 365.121 0.663333 263516
2.06232 -978.164 511.877 498.116 361.132 0.663228 262763
2.06519 -976.618 510.841 493.432 380.191 0.663095 261744
2.06805 -976.232 511.033 486.193 355.338 0.663269 261890
2.07092 -974.231 509.939 492.99 373.757 0.663119 260812
2.07379 -973.564 509.415 499.284 386.771 0.662963 260306
2.07665 -971.074 508.193 501.091 417.733 0.662783 259127
2.07952 -969.297 507.134 516.33 429.526 0.662558 258078
2.08239 -968.647 507.087 508.955 415.918 0.662681 258004
2.08525 -966.57 505.804 525.379 453.494 0.6624 256784
2.08812 -966.189 505.751 514.157 431.742 0.662533 256686
2.09099 -964.767 504.953 518.992 437.588 0.662396 255893
2.09385 -963.272 503.842 535.199 461.632 0.662143 254824
2.09672 -961.873 503.206 515.775 487.035 0.662078 254238
2.09959 -959.55 501.713 536.462 552.387 0.661692 252876
2.10245 -958.385 501.3 527.216 491.68 0.661866 252335
2.10532 -955.946 500.119 548.604 521.592 0.661622 251217
2.10819 -954.964 499.058 579.232 594.116 0.661079 250311
2.11105 -953.121 498.286 552.863 566.864 0.661224 249485
2.11392 -952.176 497.825 561.527 566.939 0.661146 249029
2.11679 -949.593 496.309 572.2 613.337 0.66082 247621
2.11965 -947.903 495.268 577.297 624.904 0.660651 246615
2.12252 -946.927 494.398 582.807 692.614 0.660208 245899
2.12539 -944.913 493.315 592.562 680.629 0.660156 244806
2.12825 -942.546 492.201 582.234 661.953 0.660141 243671
2.13112 -941.86 491.271 583.603 731.754 0.659769 242907
2.13399 -940.557 490.678 598.331 746.094 0.659578 242357
2.13685 -938.62 489.385 597.138 768.038 0.659212 241139
2.13972 -935.243 487.379 607.624 812.746 0.658884 239278
2.14259 -934.815 487.194 612.396 805.248 0.658918 239083
2.14545 -932.802 485.705 624.499 860.77 0.658406 237756
2.14832 -931.68 485.114 608.67 847.025 0.658483 237155
2.15119 -930.383 484.03 620.786 906.147 0.658048 236234
2.15405 -928.468 482.558 632.737 951.612 0.657609 234912
2.15692 -926.684 481.836 653.177 957.475 0.657498 234231
2.15979 -924.568 480.162 648.997 1030.6 0.656983 232781
2.16265 -922.604 479.122 643.109 989.836 0.657081 231699
2.16552 -920.422 477.782 669.359 1050.6 0.656512 230551
2.16839 -918.454 475.911 685.336 1144.94 0.655626 228974
2.17125 -915.562 474.367 681.651 1139.35 0.655598 227498
2.17412 -915.53 474.721 660.363 1101.14 0.655862 227754
2.17699 -912.491 471.894 696.181 1274.4 0.654588 225458
2.17985 -910.367 470.66 677.095 1248.77 0.654461 224243
2.18272 -909.454 470.031 692.37 1289.81 0.654227 223744
2.18559 -906.147 467.691 688.25 1304.8 0.653731 221586
2.18845 -904.926 466.565 680.644 1299.79 0.653622 220528
2.19132 -903.941 465.06 698.168 1514.36 0.652322 219600
2.19419 -900.339 462.464 717.815 1570.28 0.651543 217318
2.19705 -898.995 461.719 716.38 1562.95 0.6514 216618
2.19992 -896.227 459.78 711.443 1603.23 0.650991 214925
2.20279 -895.311 458.846 713.862 1585.57 0.650694 214032
2.20565 -892.636 455.994 761.076 1790.59 0.648882 211880
2.20852 -890.98 455.216 739.175 1729.25 0.649316 211041
2.21139 -888.969 453.899 750.367 1769.6 0.648799 209937
2.21425 -886.632 451.938 766.449 1866.56 0.647668 208381
2.21712 -884.231 450.719 757.767 1912.6 0.647684 207388
2.21999 -881.943 447.986 773.723 2037.37 0.646281 205214
2.22285 -879.695 446.549 748.311 1998.77 0.646292 203849
2.22572 -877.762 445.173 775.541 2058.81 0.645454 202762
2.22859 -876.026 442.774 782.727 2218.06 0.644166 200992
2.23145 -873.317 440.952 790.156 2151.48 0.64388 199240
2.23432 -870.269 437.3 779.677 2342.15 0.642036 196464
2.23719 -868.712 436.39 798.813 2425.91 0.641516 195863
2.24005 -866.147 434.823 805.043 2439 0.640748 194535
2.24292 -865.006 433.412 784.44 2492.41 0.640328 193437
2.24579 -863.077 431.967 806.151 2513.09 0.64005 192240
2.24865 -859.624 428.514 829.534 2615.53 0.638115 189506
2.25152 -857.124 425.701 804.118 2736.81 0.636998 187384
2.25439 -854.495 424.033 820.307 2809.77 0.636041 186139
2.25725 -852.492 422.205 801.654 2818.32 0.635775 184618
2.26012 -849.3 417.937 839.579 3155.65 0.63192 181803
2.26299 -847.248 417.714 820.196 2964.7 0.633557 181194
2.26585 -845.856 414.989 834.636 3229.17 0.630719 179533
2.26872 -843.492 412.686 854.735 3228.53 0.629663 177634
2.27159 -841.344 411.085 849.469 3218.98 0.629581 176303
2.27445 -838.883 408.003 853.731 3507.06 0.626966 174443
2.27732 -835.903 405.978 832.105 3287.05 0.627438 172304
2.28019 -833.776 403.191 876.408 3556.85 0.624556 170673
2.28305 -832.125 401.718 883.576 3637.48 0.623441 169682
2.28592 -830.464 399.617 853.726 3684.17 0.622825 168115
2.28879 -827.682 396.298 857.786 3748 0.621066 165631
2.29165 -823.656 392.9 861.243 3823.98 0.618948 163134
2.29452 -822.948 392.349 849.803 3842.04 0.619028 162753
2.29739 -820.322 388.611 860.806 4106.76 0.615483 160453
2.30025 -816.882 385.134 859.549 4085.19 0.614025 157725
2.30312 -815.16 382.521 866.424 4271.77 0.611787 156161
2.30599 -813.603 381.173 866.324 4258.21 0.61115 155112
2.30885 -810.618 379.442 867.032 4175.57 0.610564 153617
2.31172 -807.616 376.498 861.466 4190.97 0.609626 151439
2.31459 -805.357 372.652 868.461 4482.28 0.605764 149244
2.31745 -802.547 368.839 898.671 4630.4 0.602275 146773
2.32032 -801.367 369.053 875.284 4580.08 0.603041 146827
2.32319 -798.792 365.552 849.338 4635.87 0.600948 144398
2.32605 -797.182 363.552 846.285 4677.18 0.599989 143049
2.32892 -793.711 359.373 861.062 4742.86 0.59667 140195
2.33179 -789.895 354.913 881.517 5033.2 0.592185 137700
2.33465 -789.885 355.444 851.651 4870.75 0.593664 137712
2.33752 -786.123 351.473 868.2 4873.29 0.590647 134924
2.34039 -783.781 348.314 849.398 5038.85 0.587945 133115
2.34325 -780.5 343.188 888.365 5338.73 0.582564 130288
2.34612 -779.231 342.37 850.873 5178.67 0.583339 129367
2.34899 -777.108 339.356 856.956 5352.84 0.579374 127737
2.35185 -773.969 336.479 870.028 5321.37 0.57705 125733
2.35472 -772.27 333.695 855.589 5396.43 0.575195 124059
2.35759 -770.372 331.631 846.258 5321.33 0.573348 122524
2.36045 -766.094 327.088 837.715 5504.91 0.569986 119981
2.36332 -765.353 326.794 835.275 5386.03 0.57053 119523
2.36619 -762.195 321.554 835.419 5664.24 0.564706 116800
2.36905 -760.125 321.461 836.506 5397.51 0.566734 116124
2.37192 -757.88 317.448 838.682 5558.17 0.56149 113957
2.37479 -755.357 313.398 821.013 5693.75 0.557087 111740
2.37765 -753.059 310.763 824.714 5641.54 0.55442 109987
2.38052 -752.448 310.429 817.031 5653.16 0.55419 109824
2.38339 -748.458 306.538 826.258 5568.71 0.550815 107238
2.38625 -746.777 304.607 832.803 5694.26 0.548788 106373
2.38912 -743.982 298.326 817.543 5791.32 0.540504 102835
2.39199 -741.088 295.356 816.255 5852.48 0.537378 101234
2.39485 -740.081 294.135 820.119 5901.23 0.535268 100648
2.39772 -737.742 291.488 818.534 5862.2 0.532014 99021.3
2.40059 -735.721 290.636 811.122 5823.99 0.533474 98450.5
2.40345 -733.473 285.988 791.52 5956.41 0.52687 96104.8
2.40632 -729.489 280.087 776.593 5838.06 0.521187 92497.2
2.40919 -728.514 279.643 772.288 5872.34 0.520368 92347.6
2.41205 -726.868 277.491 768.383 5941.92 0.516539 91333.5
2.41492 -723.961 273.913 785.532 5976.93 0.512589 89462
2.41779 -723.312 272.961 762.472 5912.45 0.511612 88802.6
2.42065 -720.667 270.297 743.009 5867.61 0.509872 87263.7
2.42352 -717.326 265.591 748.26 5905.89 0.502017 84851.6
2.42639 -715.754 262.773 755.185 5959.72 0.497094 83510.3
2.42925 -714.392 261.684 755.775 5951.69 0.495742 82936.7
2.43212 -711.005 257.281 738.056 5851.92 0.491425 80426
2.43499 -709.209 253.811 742.364 5939.82 0.484967 78883.4
2.43785 -706.61 251.041 723.871 5786.89 0.483029 77129
2.44072 -705.112 248.809 719.748 5931.26 0.476687 76382.6
2.44359 -702.788 247.535 733.007 5827.31 0.474225 75513.3
2.44645 -701.504 245.583 711.858 5816.01 0.473979 74539.8
2.44932 -699.459 242.695 721.051 5885.18 0.465965 73315.4
2.45219 -696.838 240.076 709.663 5717.33 0.465715 71656.3
2.45505 -694.441 235.595 717.095 5779.18 0.454307 69693.1
2.45792 -691.991 234.095 687.337 5634.73 0.455047 68650.1
2.46079 -691.546 231.847 681.176 5759.34 0.449807 67925.7
2.46365 -689.723 230.68 693.779 5649.12 0.448069 67130.7
2.46652 -686.668 229.066 685.661 5443.66 0.449389 65898.3
2.46939 -684.454 221.95 671.815 5585.15 0.43172 63053.8
2.47225 -683.372 221.938 654.651 5549.46 0.434537 62976.2
2.47512 -681.062 220.911 661.373 5465.93 0.434765 62330.3
2.47799 -679.608 216.992 644.688 5453.09 0.426314 60598.3
2.48085 -677.536 215.821 659.576 5420.66 0.420204 60026.7
2.48372 -676.198 212.377 650.166 5445.16 0.40978 58628.4
2.48659 -673.387 209.3 637.242 5374.57 0.408603 57170.8
2.48945 -671.078 208.096 626.414 5218.02 0.408809 56294
2.49232 -669.034 204.223 636.815 5269.61 0.397206 54840.7
2.49519 -668.117 202.773 615.95 5243.44 0.393193 54200.4
2.49805 -666.177 199.11 626.426 5229.09 0.384037 52707.3
2.50092 -666.067 201.971 616.417 5224.05 0.393341 53857.3
2.50379 -662.5 196.854 620.972 5120.98 0.379945 51573.3
2.50665 -660.06 194.811 615.036 4990.15 0.379464 50459.7
2.50952 -659.742 193.921 614.984 5108.22 0.375581 50424.4
2.51239 -656.9 191.497 587.347 4903.4 0.371991 48990.3
2.51525 -655.117 189.623 615.228 4942.79 0.3636 48389.3
2.51812 -654.314 187.543 589.189 4802.97 0.364629 47266.7
2.52099 -652.148 185.676 568.355 4768.08 0.361654 46496
2.52385 -652.004 183.49 571.233 4740.97 0.35308 45634.2
2.52672 -649.268 182.777 573.522 4658.91 0.351785 45179.1
2.52959 -646.276 178.794 559.636 4553.76 0.3469 43486.3
2.53245 -646.29 176.778 563.588 4532.79 0.335208 42729.5
2.53532 -644.687 176.84 555.094 4564.34 0.340132 42844.3
2.53819 -642.538 173.343 538.442 4402.26 0.336531 41221.5
2.54105 -641.103 173.037 534.274 4445.65 0.325351 41238.3
2.54392 -640.234 171.773 541.753 4327.12 0.325874 40513.9
2.54679 -636.961 168.437 528.523 4261.07 0.323573 39222.9
2.54965 -636.602 166.827 537.361 4278.12 0.311754 38739
2.55252 -634.795 168.269 534.883 4221.61 0.316929 39090.1
2.55539 -632.249 162.37 509.948 4110.56 0.299348 36868
2.55825 -631.963 162.565 514.921 4107.03 0.303448 36934.3
2.56112 -630.273 161.149 526.028 4089.73 0.294534 36443.3
2.56399 -628.774 159.677 503.6 4084.55 0.289715 35969.3
2.56685 -626.25 157.281 505.411 3955.67 0.285814 34890.9
2.56972 -626.197 158.102 506.163 3993.8 0.289272 35259.2
2.57259 -625.161 156.326 494.713 3871.22 0.287242 34396.9
2.57545 -623.418 154.771 500.371 3890.13 0.279741 33973
2.57832 -621.417 151.728 480.805 3683.19 0.279583 32517.7
2.58119 -619.47 151.526 498.365 3755.63 0.274827 32654.2
2.58405 -618.536 150.277 483.166 3689.58 0.267144 32117.2
2.58692 -617.275 148.491 493.622 3733.62 0.254559 31708.3
2.58979 -616.13 146.772 477.666 3510.46 0.263565 30633.3
2.59265 -614.883 146.961 485.204 3629.23 0.259997 31006.8
2.59552 -612.631 144.144 464.679 3444.27 0.260039 29717
2.59839 -611.666 141.995 472.072 3498.43 0.231549 29252.9
2.60125 -610.841 142.221 474.443 3392.56 0.253552 29051.8
2.60412 -608.816 141.23 462.008 3355.46 0.239794 28683.9
2.60699 -607.09 139.835 451.437 3289.34 0.242345 28129.1
2.60985 -606.853 139.977 446.724 3291.31 0.250455 28183.3
2.61272 -605.078 138.309 453.668 3250.66 0.238428 27622.5
2.61559 -603.618 136.392 453.021 3217.13 0.224168 27017.5
2.61845 -603.707 134.787 455.403 3198.9 0.218729 26543.8
2.62132 -601.373 133.58 442.198 3139.57 0.219366 26073.4
2.62419 -599.358 133.424 437.019 3041.16 0.225314 25782.6
2.62705 -597.91 132.755 435.92 3032.91 0.227877 25591.4
2.62992 -596.492 130.166 427.166 2906.03 0.217206 24585.8
2.63279 -595.954 129.935 422.352 2993.15 0.206286 24763.5
2.63565 -595.47 128.597 434.808 2909.93 0.211463 24206.7
2.63852 -593.712 127.777 419.788 2921.74 0.195964 24036.1
2.64139 -593.16 128.136 417.481 2897.98 0.205983 24073.5
2.64425 -590.603 124.335 421.673 2801.15 0.184081 22866.1
2.64712 -589.392 125.162 412.389 2773.29 0.199639 23006.8
2.64999 -587.401 123.157 410.394 2736.3 0.184275 22418.9
2.65285 -586.978 122.86 413.144 2683.92 0.192317 22214.6
2.65572 -586.776 122.817 410.309 2705.21 0.195558 22268.3
2.65859 -583.729 120.182 401.483 2585.11 0.195464 21316.4
2.66145 -584.708 122.056 404.266 2637.64 0.192626 21917.7
2.66432 -582.126 120.617 402.901 2560.52 0.19872 21370.6
2.66719 -581.104 118.145 395.15 2551.21 0.180923 20762.8
2.67005 -580.018 118.323 392.799 2568.27 0.174508 20857.6
2.67292 -579.578 117.48 393.666 2525.81 0.178598 20552.8
2.67579 -578.246 116.618 384.337 2471.62 0.16706 20213.2
2.67865 -576.497 114.655 387.376 2458.36 0.159091 19730.8
2.68152 -575.288 115.35 383.355 2422.6 0.176777 19801.8
2.68439 -574.387 113.673 379.717 2369.26 0.157009 19281.6
2.68725 -573.962 113.668 387.673 2365.42 0.162743 19276.9
2.69012 -573.113 112.49 377.459 2331.2 0.161593 18925.1
2.69299 -571.004 112.224 370.736 2304.75 0.168441 18800.8
2.69585 -570.595 111.781 378.195 2288.57 0.160297 18664.6
2.69872 -569.09 110.876 376.978 2227.65 0.161458 18305.2
2.70159 -567.706 108.729 364.092 2179.52 0.143071 17710.1
2.70445 -567.059 109.663 370.715 2232.02 0.146404 18062.4
2.70732 -566.812 109 364.83 2152.67 0.143282 17709
2.71019 -564.558 108.452 357.938 2154.14 0.152266 17600
2.71305 -563.313 105.338 363.549 2151.92 0.119637 16934.5
2.71592 -562.338 107.601 361.518 2101.23 0.15567 17284.8
2.71879 -561.042 105.396 363.258 2088.75 0.143348 16787.3
2.72165 -560.812 106.663 355.277 2033.95 0.169684 16912.6
2.72452 -559.063 103.634 359.385 2020.64 0.130231 16245.3
2.72739 -558.315 103.841 351.53 1983.12 0.149243 16191.6
2.73025 -556.973 102.3 349.136 1992.93 0.121244 15906.5
2.73312 -556.114 102.947 347.33 1968.39 0.132532 15978
2.73599 -554.259 100.533 346.293 1920.38 0.12049 15361
2.73885 -553.289 100.961 347.111 1936.82 0.116679 15497.9
2.74172 -553.095 99.9056 346.598 1892.66 0.112149 15170.3
2.74459 -552.422 100.518 347.607 1926.86 0.114927 15392.2
2.74745 -551.151 100.62 338.473 1894.03 0.121729 15328.2
2.75032 -549.372 98.9894 327.647 1802.95 0.150816 14757.6
2.75319 -549.472 97.4942 333 1787.81 0.107253 14427.3
2.75605 -548.778 98.3732 334.398 1774.52 0.123662 14568
2.75892 -547.454 97.6774 328.87 1758.27 0.135663 14391.8
2.76179 -546.228 96.7218 331.691 1758.42 0.116193 14211.5
2.76465 -545.542 96.3112 330.176 1774.79 0.111971 14182.5
2.76752 -544.175 95.8668 329.533 1735.36 0.106607 13993.1
2.77039 -543.104 94.8482 324.775 1683.47 0.122746 13660
2.77325 -542.837 95.333 321.071 1707.93 0.110116 13824.9
2.77612 -540.43 93.8654 318.708 1642.31 0.114523 13370
2.77899 -540.674 94.6014 321.986 1661.96 0.112895 13568
2.78185 -538.908 94.833 326.449 1639.89 0.120935 13555.2
2.78472 -538.77 92.7874 315.48 1604.76 0.114919 13078.3
2.78759 -537.712 93.8384 323.602 1639.52 0.106804 13376
2.79045 -536.875 92.6054 316.043 1624.82 0.100022 13109.8
2.79332 -534.952 90.7788 316.421 1554.07 0.0969493 12581.8
2.79619 -534.964 92.0776 322.192 1563.18 0.111894 12849.2
2.79905 -532.564 91.2328 313.358 1551.18 0.0945368 12665.3
2.80192 -532.067 90.2704 314.504 1525.82 0.0978206 12424
2.80479 -533.024 89.6768 310.52 1486.98 0.111112 12212.6
2.80765 -531.474 91.1812 306.299 1521.84 0.110099 12586.8
2.81052 -530.344 88.406 311.292 1506.02 0.0815485 12048.3
2.81339 -529.008 89.9108 313.746 1499.91 0.0963691 12303.8
2.81625 -528.22 88.254 308.723 1476.55 0.0862457 11947.1
2.81912 -526.742 86.3594 301.278 1417.53 0.095576 11454.1
2.82199 -526.876 87.4008 301.902 1434.38 0.0930211 11686.7
2.82485 -524.948 87.5418 294.092 1460.59 0.0784796 11789.5
2.82772 -524.226 86.3834 299.207 1400.64 0.0841848 11422.7
2.83059 -523.736 85.5262 295.723 1364.55 0.0912524 11177.2
2.83345 -523.069 85.5936 301.875 1386.32 0.0773915 11254.3
2.83632 -522.976 85.5202 294.724 1380.35 0.0859867 11228.8
2.83919 -521.81 85.9942 296.074 1403.14 0.0858865 11378.8
2.84205 -521.133 85.7478 287.661 1368.75 0.099833 11242.7
2.84492 -519.608 84.1642 295.547 1342.59 0.0740028 10903.2
2.84779 -518.328 84.2458 287.711 1284.86 0.0986878 10756.4
2.85065 -518.145 83.0226 286.571 1275.31 0.0952006 10528.2
2.85352 -516.968 83.7762 288.265 1330.36 0.064144 10814.7
2.85639 -516.862 83.2634 284.188 1289.7 0.075861 10616.7
2.85925 -515.372 82.012 290.09 1267.36 0.0805988 10349.7
2.86212 -514.27 81.9678 281.344 1275.86 0.0777192 10370.4
2.86499 -513.648 81.6836 282.948 1254.31 0.0833211 10265.8
2.86785 -512.324 81.971 280.24 1260.4 0.0722764 10333.9
2.87072 -512.439 80.7448 282.481 1261.38 0.048751 10140.8
2.87359 -510.904 81.2252 279.949 1212.96 0.0916286 10083.1
2.87645 -510.098 80.94 281.821 1253.24 0.0689346 10156.2
2.87932 -509.849 79.6412 280.689 1218.51 0.0670419 9851.19
2.88219 -509.153 80.0992 278.023 1182.31 0.0921837 9823.52
2.88505 -508.67 80.3502 275.254 1206.82 0.0870136 9937.88
2.88792 -508.275 81.4086 277.56 1201.02 0.084391 10095.8
2.89079 -506.006 79.685 272.948 1178.69 0.0779101 9757.03
2.89365 -506.154 80.0216 276.647 1180.67 0.0609088 9819.89
2.89652 -504.574 77.7872 272.319 1126.58 0.0853045 9314.02
2.89939 -504.084 78.3212 276.029 1159.69 0.071542 9496.61
2.90225 -503.251 78.4844 267.429 1127 0.0988748 9430.63
2.90512 -502.124 78.6182 267.987 1146.4 0.0642674 9511.26
2.90799 -501.451 77.2964 267.695 1128.87 0.0622176 9257.46
2.91085 -501.462 76.9218 265.222 1115.63 0.0697644 9164.4
2.91372 -499.525 77.038 260.632 1078.97 0.0848797 9078.66
2.91659 -498.905 76.1616 266.975 1081.71 0.0664486 8955.5
2.91945 -498.788 76.787 266.823 1088.9 0.0567386 9075.25
2.92232 -497.257 75.4654 264.263 1066.9 0.0656337 8812.83
2.92519 -496.868 75.7126 262.128 1060.64 0.0704063 8834.98
2.92805 -496.436 75.3952 257.78 1047.8 0.0561612 8752.44
2.93092 -496.366 74.8366 257.017 1047.98 0.0688939 8672.07
2.93379 -495.034 74.9458 256.505 1043.24 0.074411 8677.51
2.93665 -494.124 75.0868 258.252 1051.13 0.0690599 8724.83
2.93952 -492.543 74.9628 249.004 1031.05 0.0729897 8650.21
2.94239 -492.214 73.9704 256.47 997.53 0.0708533 8406.74
2.94525 -492.084 74.379 254.587 1032.63 0.0432285 8573.58
2.94812 -490.986 74.3434 254.269 1007.39 0.0765161 8496.84
2.95099 -490.44 72.9306 247.846 994.977 0.05185 8255.03
2.95385 -488.979 73.1686 251.25 987.71 0.0735239 8271.19
2.95672 -488.85 72.936 249.992 966.298 0.0650551 8176.73
2.95959 -488.118 72.3746 249.599 947.061 0.0719956 8040.99
2.96245 -486.901 71.9854 258.026 956.071 0.0304412 8014.21
2.96532 -485.881 72.0438 243.811 955.381 0.0759393 8023.32
2.96819 -485.432 72.2494 245.694 946.122 0.0560068 8028.24
2.97105 -485.727 72.0242 243.315 969.853 0.0518586 8068.97
2.97392 -484.669 71.7686 245.742 945.721 0.0664474 7963.23
2.97679 -484.251 71.3352 250.772 930.429 0.0591675 7858.4
2.97965 -483.243 71.1654 244.252 930.576 0.0480095 7837.31
2.98252 -482.336 70.7 241.808 910.238 0.0755824 7713.29
2.98539 -482.056 70.1688 243.246 915.057 0.0576377 7655.46
2.98825 -481.65 70.1106 239.116 903.839 0.0481616 7616.39
2.99112 -479.843 69.344 240.734 904.613 0.0380302 7514.4
2.99399 -480.134 70.34 239.125 897.42 0.0612713 7634.58
2.99685 -478.886 70.3672 243.234 903.872 0.0445694 7660.31
2.99972 -478.649 69.2566 235.383 877.33 0.0417171 7428.22
3.00259 -477.709 69.3982 236.298 880.461 0.0468533 7459.77
3.00545 -476.86 68.8798 236.828 873.313 0.0328565 7369.13
3.00832 -475.875 68.2036 229.339 863.026 0.0467447 7247.99
3.01119 -475.344 69.1468 243.169 873.18 0.0538507 7410.59
3.01405 -474.038 66.9706 232.196 835.727 0.0471464 7003.99
3.01692 -474.422 68.971 232.825 856.618 0.0479731 7341.35
3.01979 -472.727 67.8406 234.592 860.534 0.0288625 7200.98
3.02265 -473.266 67.9768 236.347 845.442 0.0351298 7176.32
3.02552 -472.357 67.634 226.821 836.632 0.0563028 7105.6
3.02839 -470.333 67.0314 230.844 817.046 0.0311647 6967.54
3.03125 -470.636 67.5184 231.123 820.753 0.0602615 7046.64
3.03412 -470.147 67.6534 231.585 839.129 0.0568339 7123
3.03699 -468.72 66.111 223.333 793.59 0.0444037 6780.79
3.03985 -468.957 67.5502 225.843 833.497 0.0301985 7096.74
3.04272 -468.864 66.3436 225.23 795.131 0.0505307 6820.83
3.04559 -466.832 65.9242 222.328 790.916 0.0482595 6754.8
3.04845 -466.655 66.0576 224.4 780.645 0.056301 6743.37
3.05132 -464.901 65.482 224.082 775.14 0.0414111 6653.09
3.05419 -465.639 66.483 225.481 787.291 0.0525242 6824.52
3.05705 -464.694 66.2496 222.945 791.759 0.0490511 6809.46
3.05992 -464.616 65.7988 219.291 778.57 0.0537424 6711.84
3.06279 -463.154 65.3716 227.582 782.024 0.0278649 6668.62
3.06565 -462.92 65.2358 220.583 752.539 0.049563 6562.73
3.06852 -462.093 65.5722 218.858 764.521 0.0511627 6645.66
3.07139 -461.068 64.259 218.601 746.433 0.0452935 6421.8
3.07425 -460.71 64.6494 219.375 758.336 0.0413263 6510.86
3.07712 -460.633 65.7528 222.765 768.668 0.0403163 6688.71
3.07999 -459.74 64.8706 217.925 754.85 0.0584253 6533.12
3.08285 -458.547 63.8976 215.787 714.125 0.074788 6284.45
3.08572 -458.159 63.8316 217.952 735.671 0.027706 6344.55
3.08859 -458.116 64.3736 216.774 747.322 0.033606 6452.13
3.09145 -456.285 64.0134 215.508 747.843 0.0357933 6409.64
3.09432 -455.812 63.3262 219.023 727.334 0.0265232 6260.81
3.09719 -455.633 62.6296 208.002 722.462 0.0176008 6160.07
3.10005 -454.949 63.1494 213.632 727.388 0.0233338 6242.79
3.10292 -453.868 62.4826 210.136 702.785 0.0345319 6084.76
3.10579 -453.405 62.0052 213.802 698.411 0.0172824 6013.76
3.10865 -453.239 63.0804 210.195 710.99 0.0498782 6189.36
3.11152 -452.371 61.906 204.183 691.042 0.0406208 5982.54
3.11439 -452.403 61.5884 207.778 694.358 0.0225823 5955.63
3.11725 -451.718 62.2948 205.347 716.809 0.0121131 6115.12
3.12012 -450.111 61.4852 210.765 689.451 0.022211 5931.6
3.12299 -449.313 61.6248 206.668 680.206 0.0476925 5921.89
3.12585 -449.308 62.4138 206.448 681.393 0.0529407 6025.42
3.12872 -449.557 61.638 206.292 679.451 0.0357772 5925.06
3.13159 -448.586 61.1784 202.841 651.159 0.050648 5781.96
3.13445 -447.86 60.2284 199.032 652.962 0.0265443 5674.14
3.13732 -446.879 61.2178 202.662 668.682 0.0198521 5845.49
3.14019 -447.73 62.5382 200.828 691.664 0.0384398 6082.98
3.14305 -446.094 60.5508 205.941 655.359 0.0297398 5726.23
3.14592 -445.72 61.49 202.098 670.181 0.0437842 5889.35
3.14879 -445.078 61.3538 205.496 659.053 0.0438986 5839.5
3.15165 -444.167 60.2638 204.385 654.114 0.0219293 5693.27
3.15452 -444.101 60.7178 205.431 657.989 0.0293592 5762.29
3.15739 -443.331 60.4852 191.931 646.827 0.0365687 5700.74
3.16025 -442.888 60.2862 198.092 631.113 0.0433186 5628.9
3.16312 -442.182 60.3676 190.122 636.603 0.0532265 5657.9
3.16599 -441.215 59.9318 195.299 625.649 0.0202825 5572.62
3.16885 -440.388 60.0454 194.006 616.185 0.0578951 5558.05
3.17172 -439.956 59.453 196.469 617.304 0.0252415 5492.57
3.17459 -439.322 59.924 197.914 621.336 0.0319518 5563.37
3.17745 -438.713 59.4164 197.456 614.819 0.0265773 5483.87
3.18032 -438.371 59.0328 195.304 603.575 0.0480093 5404.43
3.18319 -438.407 59.5766 192.018 614.393 0.0477875 5505.1
3.18605 -437.42 58.4466 192.284 601.968 0.0414062 5333.91
3.18892 -437.353 58.676 193.405 592.892 0.0571604 5333.56
3.19179 -436.395 58.647 191.045 584.886 0.0411648 5306.3
3.19465 -436.033 59.0226 191.879 611.142 0.0343738 5436.05
3.19752 -435.471 57.9778 188.463 588.685 0.0315497 5243.76
3.20039 -435.068 58.2612 189.377 593.102 0.0396448 5292.52
3.20325 -434.32 58.5802 187.983 597.785 0.034968 5346.49
3.20612 -433.145 58.439 187.06 588.672 0.0489734 5302.47
3.20899 -432.816 58.9432 189.92 587.63 0.0526943 5360
3.21185 -432.815 57.4418 185.005 578.085 0.0219798 5156.28
3.21472 -431.654 57.3334 183.851 581.178 0.0237523 5155.44
3.21759 -431.977 57.5702 187.602 569.87 0.0354181 5147.93
3.22045 -430.355 57.485 187.619 566.071 0.0537274 5127.53
3.22332 -430.837 57.738 184.557 581.069 0.0325393 5206.65
3.22619 -429.412 57.3126 186.936 557.3 0.0429537 5082.69
3.22905 -428.646 56.6948 184.588 565.695 0.022643 5040.96
3.23192 -428.305 56.9656 184.574 558.878 0.0265612 5051.33
3.23479 -428.305 56.5294 189.19 560.259 0.0198487 5007.89
3.23765 -427.556 56.8448 183.657 546.008 0.0409849 4999.12
3.24052 -426.832 56.6338 183.216 550.141 0.0386445 4990.13
3.24339 -427.4 57.1212 180.665 549.552 0.0400986 5045.24
3.24625 -425.897 56.8414 185.339 556.339 0.0135686 5036.96
3.24912 -425.452 56.4218 185.949 547.008 0.0347269 4960.71
3.25199 -424.148 56.1716 183.395 536.386 0.0261143 4899.57
3.25485 -424.349 55.7272 179.07 538.896 0.0164001 4859.55
3.25772 -423.686 55.2174 180.167 528.454 0.0300267 4770.51
3.26059 -423.222 55.9948 180.513 535.515 0.0345473 4881.51
3.26345 -422.866 56.3652 181.626 542.513 0.032726 4947.5
3.26632 -421.418 55.6436 179.594 529.584 0.0100941 4826
